177276
324496
273641
433815
867270
313803
860341
21504
447804
941411
957064
142495
988424
6557
89809
653360
751408
776972
889848
138236
462036
706942
914172
965326
919807
779776
467471
12140
680690
507925
594533
991101
416171
647079
532615
475211
828255
691923
236437
726013
67611
348853
611576
979785
404432
884457
5321
468652
469419
150838
666362
364511
879608
263216
94665
789338
276410
287277
356006
2205
850306
648229
14424
733303
663937
619604
667046
980574
725577
410665
669472
870170
788571
928735
180989
947289
124918
31267
332038
664495
177138
585296
822274
67045
575286
19308
958735
400292
625555
593482
421116
349652
316465
389678
968144
395977
988190
823809
912990
489676
544081
28527
484901
244323
817704
432407
9997
886612
72961
198903
257311
819836
643336
787541
11753
806508
333207
460601
677927
255521
6747
176074
81861
748919
50179
768538
22149
69574
431519
820184
455065
251933
903741
16274
178155
548352
8045
241051
440913
595316
477019
582707
705698
646667
139359
233223
610179
703498
348298
890602
370249
927626
724929
812411
318201
452292
638621
887272
993724
81540
944875
480045
943880
236663
713255
473054
98568
237086
98484
718041
770062
91272
780633
32857
149927
7195
421764
309478
593647
932967
147764
878740
823355
780882
692179
140147
592658
202210
798092
456242
127706
539140
412648
882164
271744
262692
684001
753498
930490
583572
876443
921016
19861
233395
796335
776380
846361
432528
511076
729762
890214
122550
450903
687214
936555
907937
430047
300442
725601
544935
503594
368050
663821
844704
18813
824422
281226
441823
125106
625958
791769
748700
340576
121233
981856
449141
495511
103021
369070
890593
114755
189234
485047
218105
685497
301685
979049
377256
59862
421236
24539
70790
421413
713420
565597
52901
411205
547378
945087
567115
916492
628442
919370
45941
916575
471691
377153
797977
629930
712081
699797
292030
11860
247837
53905
935213
973662
584712
999340
466244
953068
670622
294515
672279
192598
523238
529426
140169
731900
726296
21557
347652
781894
494791
7444
478932
6413
15630
760161
398769
33914
103756
116514
906800
37448
443484
296527
320856
510301
79215
146399
700147
633187
205908
95004
911193
720959
934918
150317
542086
799011
698133
336338
857529
449116
431185
836618
750572
526659
109741
120794
793173
985548
920910
746969
728228
475711
866218
409235
416933
847336
903224
343011
400207
437553
508443
656814
703674
535674
253491
573724
374061
5566
567413
330989
374296
174154
465133
35930
661574
866281
775019
425824
63310
596757
460930
940208
446626
97733
5399
178067
418150
286731
295122
163581
975972
550881
834474
905463
910498
155310
285306
758848
284434
491709
752442
653847
166181
42741
374492
977002
626703
67759
129686
295256
252324
205776
513616
644640
168583
178300
604033
816737
664684
418126
583553
11066
369276
919436
271364
101348
567340
385376
133104
632325
62513
128408
14405
87951
82224
524882
364276
10205
658900
844290
5311
199360
559494
267641
564401
569447
376193
869953
58579
291677
367520
344621
513405
400679
69655
971318
483768
99463
791819
557907
656578
657166
406336
719002
631019
25114
700040
941422
352583
50757
87998
290412
574294
551905
296935
489903
831568
875021
233895
148046
31199
938808
167968
474924
912175
283969
212837
457872
441875
925223
942862
851841
763178
737266
477169
766695
38226
364549
622692
380444
877924
121107
911760
620175
344438
696058
645006
544274
573275
971653
821153
451103
95013
800487
398028
