598017
696326
147464
667656
794639
686096
808977
120852
460824
75806
176164
42
436276
417858
888902
921671
532552
43081
813126
360523
915537
628824
319576
954462
55392
69626
438384
819315
282740
761975
481401
303244
90255
506011
100512
102560
170151
348331
960696
491714
534724
972997
624843
940235
596177
946391
745688
350426
919773
968937
37098
110826
993521
180467
53492
927989
710902
76025
84218
989434
682235
569599
270592
475393
504076
329997
303373
686351
170252
801047
686360
801054
485664
37155
708900
291107
55588
471332
559408
698679
88381
672061
770373
602445
635215
678233
514393
743774
532832
465258
852332
422257
969080
131459
450950
883079
143750
772489
889228
594316
358799
227728
137619
676245
287126
151964
823714
952743
924074
793010
494008
934330
281020
76221
262590
31165
45506
948685
348632
221658
764382
510436
29157
977381
10728
643563
375276
473581
168434
940534
977407
41492
61984
387617
711207
674347
932396
125486
809520
361012
784950
541240
328251
604733
215613
8768
565829
90696
158284
647757
137811
614996
459349
604758
852568
528986
533083
146013
57949
281184
791137
113255
698983
737896
244330
922215
227958
647800
76414
733824
588427
273038
445074
35476
60053
926378
862890
682671
393909
316093
844478
897728
74433
619205
25289
715467
322254
973519
205520
688852
940765
891613
785120
776932
10990
101104
987889
316145
879352
633599
783105
762626
531204
609034
47883
451343
430871
271141
445226
72498
752441
305978
424764
987965
199489
6994
832338
734038
447319
80734
369506
312164
11109
795497
729962
525164
263026
928627
254842
586629
725897
64393
156555
361356
152467
660371
377751
723866
961436
72619
91053
99250
463797
644028
824254
283585
822210
469965
230359
424933
777190
17384
949225
353269
472056
707582
117760
441348
349193
711692
597005
162830
572440
859164
883742
697377
179238
631852
212014
345138
60466
322615
506936
482359
474170
537659
144447
308289
828491
556111
273489
797784
724060
115813
445550
519289
820346
840827
416892
998525
748678
844943
754836
384153
961689
228509
343213
885934
470192
273587
789689
660666
826555
715964
306367
650434
586953
732362
533714
402647
251096
120030
941284
699626
937196
851200
863489
462082
419075
734482
529688
619812
740645
632103
470313
658739
396600
197947
691516
222526
36168
19785
968019
312671
255328
660834
836962
189797
453999
275830
970103
607607
42361
226682
802171
664964
628101
456071
52620
103829
931224
193953
667043
152995
112037
714154
390578
554420
144825
869822
241088
665035
116172
585165
984536
984549
411121
376308
749049
474626
345603
849411
552456
237066
806411
181771
613901
222736
863761
110096
224786
572948
970264
599578
87580
439837
943648
298540
280109
460336
636464
220728
194107
20035
220742
515657
486987
888396
515665
376408
587353
910939
34408
548457
251502
984689
839285
986741
384631
929403
110204
77439
790144
970369
298628
808588
917137
679573
734870
913056
278177
278179
24234
183984
339637
714422
757436
331456
75460
353991
429768
732871
835275
724684
792288
845546
724715
710382
175857
470771
335605
286456
489210
116474
333566
761598
808710
579337
470804
993044
874263
636703
540459
603954
931643
874306
659267
444226
718658
159564
188236
114513
126802
423763
323412
989020
382818
22373
264038
456553
632689
132996
956293
991114
163724
917391
98196
864157
636830
679840
747425
4006
432044
788397
255924
165816
327615
958401
221123
993220
405443
552899
464842
927705
323550
710629
143340
468980
880634
880638
